4454427272263411766262                                                          
2217217271142211746161                                                          
6677356654544425566243                                                          
7777117771111411757471                                                          
6666426276674752777352                                                          
2227627171173212765262                                                          
6667277741116617624261                                                          
4637237373363333766266                                                          
6557437464463644667363                                                          
4624226172263512666222                                                          
6636136664166412645551                                                          
2227117171171111777171                                                          
4627217162253721755164                                                          
6646627472164342666161                                                          
6634235473764514576222                                                          
2217117272172211767271                                                          
7767146561165312766666                                                          
6634666666645416677162                                                          
4647127472164611766171                                                          
4427127271171111777174                                                          
7767346772167716767766                                                          
2227117171171111777171                                                          
7747117676346711766261                                                          
2327127271162312775171                                                          
6764117671166511776451                                                          
2623113671175751766552                                                          
4544126464364214745342                                                          
5627127272363412777272                                                          
1237117161173211765161                                                          
6777517474767744761771                                                          
2227117172171111777161                                                          
2355115524266231762121                                                          
6627127272262211777172                                                          
4436117251151111777161                                                          
4327127171171111777172                                                          
5527117271172711777272                                                          
6654666665167434636361                                                          
3336236363342423645262                                                          
3727146271173313756161                                                          
4536256454355314322461                                                          
6546245562264514756161                                                          
3727146271173313756161                                                          
4536256454355314322461                                                          
6546245562264514756161                                                          
6666636466655331656145                                                          
7747435375161513666144                                                          
7755566744444435566342                                                          
4666426441253412666341                                                          
4457256364565323656373                                                          
7766666765547666666666                                                          
6767146671134416767572                                                          
2657556461163214642442                                                          
4537346545344544754363                                                          
2426326242142122753262                                                          
3317117171171211776171                                                          
3427127273262212645271                                                          
5656546351366533654365                                                          
2527137262165513677171                                                          
3667117271163614777372                                                          
4426226262263212766264                                                          
2326226261273232766261                                                          
5337117271272311776171                                                          
2525127271142212777172                                                          
5536336261163521655163                                                          
7677167672273773677265                                                          
4445336454554422657252                                                          
2315116141262212646171                                                          
3567337171133711777272                                                          
7667227751167632655761                                                          
5437616271372671777262                                                          
4524216363375313776145                                                          
6677766477664577766174                                                          
7757246271362714766165                                                          
4737526271371422766172                                                          
6627217171174521777162                                                          
2215224242573512224221                                                          
3627127472163412766262                                                          
2217117171171211777171                                                          
7647477472256465765272                                                          
2217116171171212766161                                                          
5665444572255533755232                                                          
4517347261164432777162                                                          
4446237264364422766262                                                          
7777177772777741747471                                                          
5527127271173411667172                                                          
6646336554344732664262                                                          
2237117171262211777172                                                          
2546136271163414666262                                                          
2426127171162311777171                                                          
4637126261163411765261                                                          
4437446364163422767266                                                          
6447147371266614776374                                                          
3512116261161311666162                                                          
2627227371173512766262                                                          
6655446443324233544262                                                          
2325156252252432655131                                                          
6656546571154623556464                                                          
4456236263176412677264                                                          
5537337444466642444464                                                          
2436126251152512544252                                                          
5536225236644442545353                                                          
3527117164262522777363                                                          
5427426272265513666473                                                          
4567137261466611777277                                                          
3337227171162211766272                                                          
2626216232164321666122                                                          
5546667664555635767365                                                          
4627526672465562666466                                                          
4427127272262412777162                                                          
6646436353554433654363                                                          
3326236252162311777162                                                          
3324127261162411777172                                                          
6667216571152713777172                                                          
3327127172162423647173                                                          
1425116171171111777171                                                          
4527426221164432642163                                                          
2446416276262441677145                                                          
3417426241572533665164                                                          
6664676656436426555626                                                          
2217117172162211766172                                                          
3327117272172312777272                                                          
6667345461264424776274                                                          
4525156261165314666161                                                          
4657447374364312766363                                                          
6657247371166612777271                                                          
2235226344253312666242                                                          
4417216271172213764243                                                          
2317127171162211756171                                                          
5625555364453244556233                                                          
2325227171162212666173                                                          
7777127575567712767441                                                          
2216126172151311647141                                                          
5637226461364412766276                                                          
4447147271162213777231                                                          
2327317272152211767162                                                          
4426126262142412777171                                                          
3437217274462412777362                                                          
4636147261164314646162                                                          
5437225572355322745245                                                          
2246227271162211664262                                                          
5666265434456515654262                                                          
3646444373364523654232                                                          
6627167671267616777474                                                          
4447146161162412765272                                                          
2314223141462331646144                                                          
5557127475764512766271                                                          
7777117622367721636277                                                          
4663146475364411646222                                                          
2227116271172211777171                                                          
4427226163362411777163                                                          
6666147445744674665276                                                          
4557247272444412664252                                                          
3447116271163511766165                                                          
4625126271171412777271                                                          
5526216161154411746152                                                          
5524354441155511446641                                                          
3217127171172111777772                                                          
4466227232166622746152                                                          
2426226161172112767262                                                          
5456236353265513556364                                                          
2425126241164412646144                                                          
4636226545526612666342                                                          
5667456242164432643262                                                          
6647326374664314776364                                                          
2325225252254422446243                                                          
7776147571135513757471                                                          
6657137462264422665275                                                          
4546224222244522442234                                                          
3547226373364512757272                                                          
6446126271176314666261                                                          
2224226121156312266263                                                          
3422136264353322556253                                                          
4537117271163511766273                                                          
3526215421172511756272                                                          
6715115171161631757151                                                          
6646466352354534664364                                                          
4637336276274322667277                                                          
3237116271161211667164                                                          
3527217262242221627172                                                          
6667127575563712667255                                                          
4447717231374311767151                                                          
5557127271162212766161                                                          
4437126261173412766271                                                          
6667126251132511666162                                                          
4646224431264212667232                                                          
7757437566567723777572                                                          
5647637362264624767466                                                          
2316316171171111777162                                                          
7767167473464615766373                                                          
6617117272564711776271                                                          
4417117162163411717161                                                          
6757137371175633777576                                                          
7766227573246622656662                                                          
6656356573266614664252                                                          
4746136242242312654253                                                          
2227226242262322766172                                                          
4667127476244613447361                                                          
2314117171171111777171                                                          
4216115171163222766161                                                          
6662214673226651423565                                                          
4627126272253321767172                                                          
4446637214162422444161                                                          
4337227272172312777273                                                          
6767165672163716567375                                                          
6617117271464513677275                                                          
5347634161174421765121                                                          
6627117251162412765171                                                          
4427127171161311777172                                                          
5626336372274624777152                                                          
5626236361162212666172                                                          
6756326263344452635253                                                          
6547117373375611667152                                                          
6647227271154421777272                                                          
2317117271162623776177                                                          
2427116241362411766121                                                          
7667236174264212764277                                                          
7766665664626666434445                                                          
5667437653535615666164                                                          
2226237224172222743271                                                          
2235226234444422746243                                                          
4437127172272212777262                                                          
2227117261263212777272                                                          
5256237272164512666363                                                          
2517116172172611777172                                                          
4537137272173313777273                                                          
6647126471263312666176                                                          
4466146436527255627452                                                          
5756467662346636665262                                                          
4417117271172211777173                                                          
3347427263373331767161                                                          
3545146362224454546253                                                          
5526426273161413776161                                                          
5437656243154634665262                                                          
7767167341253312667172                                                          
7776117712137711677552                                                          
6645345562556725656353                                                          
2247226234264322722172                                                          
7766216661141111666166                                                          
2616127171172311777171                                                          
4627316172272111657174                                                          
6637247363265423766362                                                          
3426226264263422654261                                                          
6657217763645625667263                                                          
4436326162362612756162                                                          
5546327271165611767172                                                          
2326117271171211777171                                                          
6767417674566515765361                                                          
2417117171174612777174                                                          
2226127171172112666172                                                          
5766446664466633654375                                                          
5536226462353422656234                                                          
6667137271265512776172                                                          
6647147665564623766463                                                          
5527157271174514777471                                                          
4463117371161711777461                                                          
4447226261173422777163                                                          
6643133262164413756363                                                          
4447117371164414766173                                                          
2227125144262112666162                                                          
2426227242266222423262                                                          
2327127262272222766262                                                          
2517116261364611766172                                                          
7767667776756666646774                                                          
5666126371163313666263                                                          
7767246672543522777442                                                          
3445565454455454445355                                                          
2117217171161111767162                                                          
5426137462565412646242                                                          
3226222252263312667233                                                          
6437127461364331654374                                                          
2527226271142222667164                                                          
4647136271165613767372                                                          
4354224262233323645161                                                          
6537217263273635766271                                                          
2427227161562413675174                                                          
4657147241263513766161                                                          
6727227472275712767472                                                          
2327127171262212767161                                                          
6666446624457735632675                                                          
6646136433326615424555                                                          
5436137365343512755352                                                          
2225227262262411646172                                                          
5635137364353313456264                                                          
6667417473564114714166                                                          
4457226272272111777132                                                          
6657146271267712777144                                                          
5637666571175614577551                                                          
6766646662266732667546                                                          
7776157571156615777551                                                          
4417117271163212767232                                                          
4456337254154243765262                                                          
2347126271134515746261                                                          
6656147731157715666557                                                          
6747266571165545666464                                                          
4636246472265325666252                                                          
4326126271162232776244                                                          
1117217171171111777171                                                          
3446336272263222666262                                                          
2227226271171211777171                                                          
7766476756657716666666                                                          
3337327262273211727272                                                          
5445446453345464645234                                                          
5427127274165212677462                                                          
6647266351155523466341                                                          
3646316666644421767566                                                          
2327217223162121767261                                                          
5466236571454413756272                                                          
4456124542346674643552                                                          
6627117671166441766476                                                          
4647257761266726624266                                                          
7775435644426766664623                                                          
6527117171171211777172                                                          
3437137261264412776173                                                          
6667147561255614767462                                                          
6446116171161511767171                                                          
4657656274144513536156                                                          
4627217262162312767152                                                          
6657236552154515666561                                                          
4557466672367355776161                                                          
6656336363373432767266                                                          
7767367661474714767461                                                          
2427127262262512766262                                                          
6666326662265632666462                                                          
2525135362252312655252                                                          
5567176661556112776451                                                          
4227267271261416746131                                                          
4626117372172111667162                                                          
5646327371163412777171                                                          
6656167453366414775462                                                          
6667647676664442647372                                                          
5537127172172411777171                                                          
5627127376174212766172                                                          
2627227271172321777271                                                          
4526226272262412666262                                                          
4526236266162212656262                                                          
5627117171272311777172                                                          
4547266361157233645446                                                          
4437237272273613677272                                                          
7637247373176522777154                                                          
6525127362263533766372                                                          
5667647471376614777466                                                          
7734464663457426664444                                                          
2227117171171211767172                                                          
6647117271174311766172                                                          
7736237672161314776374                                                          
2426226262362512655262                                                          
2216117171161111767141                                                          
3426636362273423656155                                                          
6765346652244423544462                                                          
5454335452265433665365                                                          
7776665631637565662676                                                          
6657127574357512656562                                                          
6666317461434726646342                                                          
6545125342233313444232                                                          
2117127172272112777172                                                          
6657356672167513777472                                                          
6627227271273311766225                                                          
6667246646654633666366                                                          
3217116171172211777171                                                          
6666453544555434664354                                                          
5555117451263511767261                                                          
6636256474455615655552                                                          
4422226252263422666262                                                          
6546326563354512666672                                                          
6537427372364721746446                                                          
1416136151162111776171                                                          
6667247272263412776272                                                          
5546326452454313656362                                                          
2127327171172412777273                                                          
4436326363353424666263                                                          
7766677372466725777474                                                          
4427116271172111776172                                                          
